time,x,y,z,phi,theta,psi,x_velocity,y_velocity,z_velocity,phi_velocity,theta_velocity,psi_velocity,rotor_speed1,rotor_speed2,rotor_speed3,rotor_speed4
0.1,3.3807133315211043e-06,-4.571257226015135e-06,10.015257736031606,6.282137933954736,6.282454386330636,0.0,0.0001785052653893764,-0.00024896179343339626,0.3050884893075053,-0.028167725472848355,-0.01919461373585983,0.0,463.2335013486867,462.32723319188824,462.9207461466181,461.5892393459267
0.19999999999999998,7.421306905757102e-05,-0.00012542749024629528,10.05308674340444,6.279575925411994,6.283064417061901,0.0,0.001228201481916893,-0.0026413973373339865,0.45140386742841127,-0.02189777286588046,0.03633406067427956,0.0,431.57988673595617,434.3824314976854,433.14501683567835,433.46108039171133
0.3,0.0001494564655483291,-0.0006283190173548898,10.107602438068453,6.277953817625598,0.0042431161467364475,0.0,-0.0005061780835225928,-0.007744618392070327,0.6387484311884364,-0.008177405136503451,0.05382875041115742,0.0,440.60189923131014,441.4698261297179,440.8069865042348,441.48670958555994
0.4000000000000001,-0.00034364229581193827,-0.0018288415074294055,10.199453904731147,6.275218243903158,0.01178941487791274,0.0,-0.01109062794362131,-0.016797804418080563,1.1974950212842037,-0.06386714520605867,0.10206979869295749,0.0,506.19039038817647,508.2723659876419,507.3812211767311,504.9765323560794
0.5000000000000001,-0.0022628780914325493,-0.004048566396214097,10.327384264944254,6.269581236360025,0.02069886442875113,0.0,-0.028985365034704814,-0.028657896452387435,1.3607471636913082,-0.04593573481145107,0.06649164793034489,0.0,438.219877092848,436.4486745531701,437.8365970980383,438.72842232613175
0.6000000000000002,-0.006468986567034945,-0.007765045792437085,10.473058727532637,6.26708279969046,0.027280888886062726,0.0,-0.05636472774595268,-0.04622150337612375,1.552266795014036,0.0009418625900552997,0.06480687687411954,0.0,445.0562318977209,444.9767003893094,441.0847406928946,443.40088753593244
0.7000000000000003,-0.013788883467951043,-0.013319715112820495,10.637258798085517,6.267313759418059,0.03550849154861346,0.0,-0.09147285722611141,-0.06482749306552579,1.7312274066393247,0.004332697505490617,0.10451332483803223,0.0,441.05986655984367,443.0283509724362,441.56991967757796,441.7376610700693
0.8000000000000004,-0.02471914500204505,-0.02053765501389707,10.808003639421068,6.267998730468477,0.04764633532473539,0.0,-0.12889352348670935,-0.07943959150581786,1.6837230188392425,0.010529386981268818,0.14294567234826067,0.0,396.0720091107013,398.201943973527,397.2636166935473,397.6042711561032
0.9000000000000005,-0.04066303395002843,-0.02937520269231331,10.987080210792813,6.268887352489013,0.06178776397931873,0.0,-0.192662777422977,-0.09712315871934438,1.89705671748268,0.006378333303116678,0.13908444700649158,0.0,448.7128330098498,448.54314493226275,449.3840895426392,449.1820494825737
1.0000000000000004,-0.0632764202393341,-0.03980605921830433,11.17911814887619,6.271353784817913,0.07299085927038362,0.0,-0.2615804320291217,-0.11115367079830164,1.943416045311609,0.04779926696552323,0.05299485600339661,0.0,419.7461793727973,415.25064508647336,416.4846975585941,418.6528422781263
1.1000000000000005,-0.09346813948681373,-0.05150408836082099,11.378599603179444,6.275460407180134,0.07822627837044127,0.0,-0.3431450108402273,-0.12206169113710084,2.045808948088211,0.03019685099522995,0.05138733920510051,0.0,428.0720589838466,427.9918766940209,430.35833871648254,429.4644626059212
1.2000000000000006,-0.13202082338641355,-0.06408185619426301,11.587219341303266,6.278799951938417,0.08466501077012811,0.0,-0.4289371169446352,-0.1289385157985605,2.1262131195591487,0.03803800793633461,0.08159208872453773,0.0,423.31208470147857,424.8718815758452,426.01574232474,426.4183092817436
1.3000000000000007,-0.180544879875003,-0.0772051598020274,11.81539764093799,6.281886515527432,0.09477063005471997,0.0,-0.5434507166233647,-0.13284815262875282,2.4360233908814077,0.019225615244611586,0.1254163817166108,0.0,466.6821979560503,468.7380901665844,470.4697474127212,469.5953109858722
1.4000000000000008,-0.2415413228431957,-0.09053875069227517,12.077615929601567,0.0021964856670084743,0.1076855902519478,0.0,-0.6791061435930987,-0.13314655025246186,2.806467229322607,0.055285455487772764,0.13453209309206896,0.0,480.74242956142143,481.1705250506087,480.75438419084634,482.3913680305157
1.5000000000000009,-0.3162609147929227,-0.1036243441026276,12.370202962602626,0.010439348368710633,0.12100747553986313,0.0,-0.8177741741500255,-0.12708334996845522,3.043778773714063,0.1143776753609597,0.1312252711092021,0.0,459.2945086324968,459.1528359701929,458.44199997049253,461.2556337972329
1.600000000000001,-0.40403827240701284,-0.11570679624846775,12.673378435489925,0.021340248719077692,0.13498884935209077,0.0,-0.9399117050240205,-0.11288206390963992,3.019451270933531,0.10048579554158471,0.1516317869172025,0.0,409.40493141625626,410.51276820309965,411.1262901948899,410.39861648847585
1.700000000000001,-0.5059559993207298,-0.1256493108847934,12.982865538629762,0.03240607115402483,0.14862553043017535,0.0,-1.10089969751575,-0.08404317767566656,3.1689920135614877,0.12445879496402673,0.10896556428692868,0.0,446.2672248037491,444.18953735801887,444.8616154280085,446.048593777822
1.8000000000000012,-0.6240456480562365,-0.13220395869763638,13.302881881566853,0.046249459810198346,0.158556513271356,0.0,-1.2625761652109444,-0.04482365139118618,3.230506089712188,0.15675262874217166,0.08318495884885174,0.0,431.9190892129461,430.6212676054159,427.378241396139,429.0449505170688
1.9000000000000012,-0.760080390028385,-0.13369167638606785,13.636761346110378,0.06237066646730405,0.16697423490061958,0.0,-1.4595777676875494,0.01804650471331111,3.445291014371348,0.16759290110246236,0.0856488114949352,0.0,458.8395351538948,458.9624381750086,461.2693088060348,461.80630061304515
2.0000000000000013,-0.9158565885410787,-0.12810840756626163,13.989085880293091,0.07987058742530273,0.17621376671185285,0.0,-1.6574920589349211,0.09666702950360617,3.599553666308016,0.18529897241414556,0.10184731473123133,0.0,451.5124195097226,452.3029028667256,449.6854734676985,450.5742055552993
2.1000000000000014,-1.0930436151874297,-0.11316873528765004,14.36246803567848,0.0978057274678843,0.18418981881526797,0.0,-1.8877317406549012,0.20553898506792012,3.865498950108122,0.1698570816885626,0.035744310483114675,0.0,475.0789563196659,472.0323715269517,474.47263207089156,473.7895613409937
2.2000000000000015,-1.2932437410428888,-0.08649636334250714,14.759845850168864,0.11488077691454279,0.18740356581003237,0.0,-2.1167231583083743,0.33097500465547053,4.07982328448085,0.17207515027906975,0.026516051831135864,0.0,467.87823562224276,467.44725009808985,466.7851477481814,466.91542713853573
2.3000000000000016,-1.5154467375314256,-0.04697161663706785,15.172565156145032,0.13156069046018004,0.19210915431314746,0.0,-2.3280374559919594,0.46226673806501,4.173003244301839,0.15843925784977872,0.07255299806798064,0.0,445.36659697111196,447.62169472237855,447.7430600532973,447.10324025105336
2.4000000000000017,-1.7578343951654385,0.00566530083391392,15.58786794199973,0.14804526282529906,0.19779693092127992,0.0,-2.520793947699339,0.5928774257045663,4.132321094561246,0.17384114497799316,0.028539561473851338,0.0,422.96510801101624,420.68672719281676,422.12496340373156,422.94915241017446
2.5000000000000018,-2.0201947130988804,0.07245814073729474,16.000973782852753,0.16548067624481178,0.19910844428268515,0.0,-2.726828759895293,0.7456179901292515,4.128819833038597,0.1751176751458019,-0.014693558950331016,0.0,432.19528917879,430.00319731626035,430.2475612997568,430.3427476545051
2.600000000000002,-2.305080340749113,0.15690700461184717,16.422528829071215,0.1826788569979314,0.1964385147757577,0.0,-2.970370899693302,0.9462368724396477,4.299995313464543,0.16712997952207012,-0.04737281373619314,0.0,468.04001421169465,466.5110859433515,464.8984532974161,464.5497168633337
2.700000000000002,-2.6143017180486607,0.26247557435955654,16.86145607459688,0.19885210815355592,0.19213597485743428,0.0,-3.2131733848682082,1.1677944958778432,4.476170818835789,0.15316770665062937,-0.03678744398968814,0.0,469.0393109482783,469.5314331185018,470.1852955339226,469.5590550656478
2.800000000000002,-2.9444787855127417,0.38780650965551305,17.30169742230908,0.21509554504920203,0.18937648740909374,0.0,-3.3904262067777986,1.3410593830975137,4.328819235653681,0.1751018361857251,-0.014996641199786998,0.0,407.7359857705966,408.9022590328282,406.02685254598384,407.2336877172593
2.900000000000002,-3.2939163200356476,0.5328730186405364,17.734819297648418,0.23110125205591814,0.1884680853152867,0.0,-3.598370740508227,1.5626426631855965,4.332282188105006,0.13314414991877657,-0.0007242040710716846,0.0,438.67804480807985,439.38876982511925,439.9603231351903,437.8950217744736
3.000000000000002,-3.6638168561487983,0.7003045725346203,18.16595033192888,0.24395861392191787,0.1902483156482626,0.0,-3.800122470934838,1.7877259477337166,4.289308911706237,0.12138449485946295,0.04119653616900243,0.0,430.71915710958734,432.8415391402441,430.89631923873105,430.3150118482633
3.1000000000000023,-4.055677578073391,0.8927476138567445,18.60035373365713,0.25463852065052706,0.19391548039653372,0.0,-4.0377685426335255,2.0624385296768484,4.396228472463526,0.08084677836648838,0.029547754885539224,0.0,462.6848825149256,462.1347773680273,463.5749734163117,461.6688533932351
3.2000000000000024,-4.471595231913463,1.1131209691405608,19.04518656764055,0.2619681791711512,0.19520256033075878,0.0,-4.280942548954447,2.3456537288408335,4.498089245191276,0.06099727284607205,-0.0177327096595011,0.0,465.0062066141081,462.7782798457613,465.44563540263306,464.5163704844106
3.3000000000000025,-4.910637564540699,1.3603492287733248,19.49347634021701,0.2679434124936382,0.19367653815196118,0.0,-4.500022453145666,2.599444321450518,4.4667902766576315,0.057861722749099495,-0.011644419427474965,0.0,440.9557102005181,441.2575283282667,440.3345716179335,440.1814328187401
3.4000000000000026,-5.373160257276649,1.63517548051294,19.945827672728985,0.2734866684479824,0.19329137411852937,0.0,-4.750435695157305,2.8972398570571727,4.577880773571394,0.05169622364923829,0.0069721155009755545,0.0,468.7059482977703,469.5734554264289,470.9459011597328,470.66151214235487
3.5000000000000027,-5.860021540500477,1.938795050316459,20.404914181943237,0.28019175389473006,0.19450380400144063,0.0,-4.987222776852946,3.1754715505220092,4.602077511404113,0.08695714531425675,0.01946241938265551,0.0,456.3633767315161,456.9611733103361,454.42394248550715,456.1202385211453
3.6000000000000028,-6.370961634792067,2.270729415685586,20.867030098303022,0.2893015195747406,0.19656141987547038,0.0,-5.232131010570472,3.4638466174669578,4.638008195567616,0.09704671035004106,0.022227414468322066,0.0,460.56810220842635,460.69928853130017,460.3731348327026,460.8586159850325
3.700000000000003,-6.90647771068246,2.6315708433079705,21.331571081250292,0.29992587590774455,0.1992950148023569,0.0,-5.478866317871981,3.753760334064344,4.650550897998868,0.11883370337732521,0.03461340690166782,0.0,457.90808139445244,458.49917856223635,458.91898260636515,459.96506290358866
3.800000000000003,-7.46565466657297,3.01983486284611,21.79076748587066,0.3119652605643992,0.20409190973316615,0.0,-5.7057957461762525,4.012577340401986,4.5321624250359855,0.122693038276416,0.0655928330222997,0.0,434.55451693972975,436.11169813280355,434.79083997292486,434.9982596274133
3.900000000000003,-8.04930924485647,3.4363771552903213,22.244105172209522,0.32338928443698833,0.20950950954343384,0.0,-5.968418561963724,4.318946468860948,4.531823571833654,0.10033147317047976,0.0346722333514676,0.0,461.8382917946549,460.3741643828842,461.4040262509274,460.3543902804629
4.000000000000003,-8.658475019675908,3.8821308246422763,22.691855946521148,0.3329494867356164,0.21289801249668194,0.0,-6.2159370010813175,4.5966584025193375,4.421850524193985,0.08814585527999962,0.03269486121066129,0.0,441.4329025534568,441.3354363997452,442.64745660968873,442.05303272632983
4.1000000000000005,-9.29295649670502,4.356139675144364,23.129193014521423,0.3409857904485909,0.2180079974392708,0.0,-6.474894269034696,4.883674596681493,4.323308950141628,0.06765143892716254,0.07435417988891109,0.0,445.58818934690754,447.6290957071626,445.85720658820225,444.8563240830431
4.199999999999998,-9.95665760021216,4.863202137603179,23.568358961929977,0.3483191373842116,0.226835011935675,0.0,-6.800490150347142,5.25665309013791,4.455271750453762,0.08137791257154166,0.10653354008580726,0.0,493.19407026593103,494.62392165523204,493.329367053479,493.9408402783948
4.299999999999996,-10.64747663047618,5.39859760219391,23.99544214364584,0.3573539451943635,0.2358844297324545,0.0,-7.017979481378357,5.451873019365021,4.0873400662822545,0.10265620027867636,0.06136674494949128,0.0,395.6963557914518,393.2006130308875,394.52344850223125,395.70878401500164
4.399999999999994,-11.36248779209875,5.956366870734422,24.39304814990867,0.36709071251836445,0.24247790029117589,0.0,-7.283918269434397,5.703803567220495,3.863973957411587,0.08897773834942561,0.07247278176840682,0.0,426.16906643316537,426.7418475352171,427.08230639213605,426.3900473763883
4.499999999999992,-12.10565139662955,6.5408782943888975,24.771883573455394,0.37795807675180804,0.24849011124308085,0.0,-7.580908134696583,5.98645518210615,3.7108763777301332,0.13327406970902833,0.03877118372259848,0.0,443.34512544216375,441.6826428728402,442.5096030558653,444.70285524604105
4.59999999999999,-12.881606317256756,7.157583452360133,25.144435643358282,0.3932718798062176,0.25213489875614137,0.0,-7.938983826962313,6.347770954768546,3.73566004433942,0.17789962914788116,0.03287739939888154,0.0,481.7415745472007,481.474525918335,481.78561517430154,483.8259707093683
4.699999999999988,-13.693441315011336,7.810248286137735,25.51742438245062,0.4091615844581806,0.25583289126172293,0.0,-8.298550607478429,6.705733512119987,3.7196432477503,0.12290245471673328,0.04288122631800765,0.0,479.9764319415993,480.4324005006445,480.71534654273063,478.2289433261932
4.799999999999986,-14.540600794954742,8.49726311085614,25.884272601660722,0.41903833056425643,0.2590572186404998,0.0,-8.645840669764565,7.033993112545497,3.6144554951861365,0.04894502091552863,0.014240897558577279,0.0,467.8495286229615,466.5095867193145,468.31664126343406,464.8585658573529
4.8999999999999835,-15.421453934198874,9.214656503778858,26.2349783255646,0.4230960002201094,0.2596275533300041,0.0,-8.972783232049757,7.312998428296197,3.3991774770980054,0.026804503109651136,-0.008383629902907048,0.0,446.6704723742381,445.56161528202034,447.30479731173193,446.22214335117474
4.999999999999981,-16.33438213277691,9.957938743622597,26.560241903319522,0.42668167774047383,0.25864443911075696,0.0,-9.287668444785544,7.552079884788989,3.1068980146764957,0.04827766665220609,-0.012035775849973115,0.0,429.6589450741263,429.47317783698,429.2690735005737,430.3620127560663
5.099999999999979,-17.281294582026515,10.727948498056946,26.863056452197288,0.42990344003525927,0.25622555940409875,0.0,-9.651990660047986,7.84686990820908,2.948531552514138,0.003013132289244245,-0.04515655133998777,0.0,458.99159161178017,457.41103669550847,459.14336555521106,456.9833289423074
